              precision    recall  f1-score   support

           0       1.00      1.00      1.00        32
           1       1.00      1.00      1.00       333
          10       1.00      1.00      1.00       302
          11       1.00      1.00      1.00       199
          12       1.00      1.00      1.00       315
          13       1.00      1.00      1.00       324
          14       1.00      1.00      1.00       117
          15       1.00      1.00      1.00        95
          16       1.00      1.00      1.00        63
          17       1.00      1.00      1.00       167
          18       1.00      1.00      1.00       180
          19       0.97      1.00      0.98        32
           2       1.00      1.00      1.00       338
          20       1.00      0.98      0.99        55
          21       1.00      1.00      1.00        51
          22       1.00      1.00      1.00        59
          23       1.00      1.00      1.00        77
          24       1.00      1.00      1.00        41
          25       1.00      1.00      1.00       225
          26       1.00      1.00      1.00        90
          27       1.00      1.00      1.00        36
          28       1.00      1.00      1.00        81
          29       1.00      1.00      1.00        41
           3       1.00      1.00      1.00       213
          30       1.00      1.00      1.00        68
          31       1.00      1.00      1.00       117
          32       1.00      1.00      1.00        36
          33       1.00      0.99      1.00       104
          34       0.98      1.00      0.99        63
          35       1.00      1.00      1.00       180
          36       0.95      1.00      0.98        59
          37       1.00      0.91      0.95        32
          38       1.00      1.00      1.00       311
          39       1.00      1.00      1.00        45
           4       1.00      1.00      1.00       297
          40       1.00      1.00      1.00        55
          41       1.00      1.00      1.00        36
          42       1.00      1.00      1.00        36
           5       1.00      1.00      1.00       279
           6       1.00      1.00      1.00        63
           7       1.00      1.00      1.00       217
           8       1.00      1.00      1.00       213
           9       1.00      1.00      1.00       221

    accuracy                           1.00      5898
   macro avg       1.00      1.00      1.00      5898
weighted avg       1.00      1.00      1.00      5898
